#	unit	-10	-9	-8	-7	-6	-5	-4	-3	-2	-1	1	2	3	4	5	6	7	8	9	10
0_9	A/T	0.001	0.001	0.001	0.001	0.001	0.001	0.001	0.001	0.001	0.0002	0.0001	0.001	0.001	0.001	0.001	0.001	0.001	0.001	0.001	0.001
0_9	C/G	0.001	0.001	0.001	0.001	0.001	0.001	0.001	0.001	0.001	0.0001	0.001	0.001	0.001	0.001	0.001	0.001	0.001	0.001	0.001	0.001
10_19	AC/GT	0.001	0.001	0.001	0.001	0.001	0.001	0.001	0.001	0.0002	0.0063	0.0005	0.001	0.001	0.001	0.001	0.001	0.001	0.001	0.001	0.001
10_19	CA/TG	0.001	0.001	0.001	0.001	0.001	0.001	0.001	0.001	0.0002	0.0049	0.0003	0.001	0.001	0.001	0.001	0.001	0.001	0.001	0.001	0.001
10_19	AT	0.001	0.001	0.001	0.001	0.001	0.001	0.001	0.001	0.0005	0.0092	0.0019	0.0001	0.001	0.001	0.001	0.001	0.001	0.001	0.001	0.001
10_19	TA	0.001	0.001	0.001	0.001	0.001	0.001	0.001	0.001	0.0005	0.008	0.0015	0.0001	0.001	0.001	0.001	0.001	0.001	0.001	0.001	0.001
10_19	GA/TC	0.001	0.001	0.001	0.001	0.001	0.001	0.001	0.001	0.0002	0.004	0.0001	0.001	0.001	0.001	0.001	0.001	0.001	0.001	0.001	0.001
10_19	C/G	0.001	0.001	0.0001	0.001	0.001	0.001	0.001	0.001	0.0001	0.0026	0.0008	0.0001	0.001	0.001	0.001	0.001	0.001	0.001	0.001	0.001
10_19	AG/CT	0.001	0.001	0.0001	0.001	0.001	0.001	0.001	0.001	0.0002	0.0035	0.0002	0.001	0.0001	0.001	0.001	0.001	0.001	0.001	0.001	0.001
10_19	A/T	0.001	0.001	0.001	0.001	0.001	0.001	0.0001	0.0002	0.0016	0.018	0.0097	0.0005	0.001	0.001	0.001	0.001	0.001	0.001	0.001	0.001
10_19	6bp	0.001	0.001	0.001	0.001	0.001	0.001	0.001	0.001	0.001	0.001	0.001	0.001	0.001	0.001	0.001	0.001	0.001	0.001	0.001	0.001
10_19	4bp	0.001	0.001	0.001	0.001	0.001	0.001	0.001	0.001	0.001	0.0008	0.001	0.001	0.001	0.001	0.001	0.001	0.001	0.001	0.001	0.001
10_19	3bp	0.001	0.001	0.001	0.001	0.001	0.001	0.001	0.001	0.001	0.0026	0.0001	0.001	0.001	0.001	0.001	0.001	0.001	0.001	0.001	0.001
10_19	2bp	0.001	0.001	0.001	0.001	0.001	0.001	0.001	0.001	0.001	0.001	0.001	0.001	0.001	0.001	0.001	0.001	0.001	0.001	0.001	0.001
10_19	5bp	0.001	0.001	0.001	0.001	0.001	0.001	0.001	0.001	0.001	0.001	0.001	0.001	0.001	0.001	0.001	0.001	0.001	0.001	0.001	0.001
20_29	AC/GT	0.001	0.001	0.001	0.0001	0.0003	0.0001	0.0002	0.0008	0.005	0.0501	0.0057	0.0004	0.0001	0.001	0.0001	0.0001	0.001	0.001	0.001	0.001
20_29	CA/TG	0.001	0.001	0.001	0.001	0.001	0.0001	0.0004	0.0007	0.005	0.046	0.0054	0.0006	0.0001	0.0002	0.001	0.001	0.001	0.001	0.001	0.001
20_29	A/T	0.001	0.001	0.001	0.001	0.001	0.0001	0.0002	0.0005	0.0029	0.0217	0.0131	0.0011	0.0001	0.001	0.001	0.001	0.001	0.001	0.001	0.001
20_29	6bp	0.001	0.001	0.001	0.001	0.001	0.001	0.001	0.001	0.001	0.0007	0.001	0.001	0.001	0.001	0.001	0.001	0.001	0.001	0.001	0.001
20_29	C/G	0.001	0.001	0.001	0.001	0.001	0.001	0.001	0.001	0.001	0.0011	0.0011	0.0005	0.001	0.001	0.001	0.001	0.001	0.001	0.001	0.001
20_29	4bp	0.001	0.001	0.001	0.001	0.001	0.0001	0.0001	0.001	0.0004	0.0042	0.0006	0.001	0.001	0.001	0.001	0.001	0.001	0.001	0.001	0.001
20_29	3bp	0.001	0.001	0.001	0.001	0.0002	0.001	0.001	0.0001	0.0012	0.0109	0.0005	0.0001	0.001	0.001	0.001	0.001	0.001	0.001	0.001	0.001
20_29	2bp	0.001	0.001	0.001	0.001	0.001	0.0001	0.0004	0.0017	0.0101	0.0627	0.0168	0.0027	0.0005	0.0002	0.0001	0.001	0.001	0.001	0.001	0.001
20_29	5bp	0.001	0.001	0.001	0.001	0.001	0.001	0.001	0.001	0.001	0.0025	0.0001	0.001	0.001	0.001	0.001	0.001	0.001	0.001	0.001	0.001
30_39	AC/GT	0.001	0.001	0.001	0.001	0.001	0.0002	0.0006	0.0018	0.0108	0.0807	0.0124	0.0011	0.0004	0.0002	0.0001	0.001	0.001	0.001	0.001	0.001
30_39	CA/TG	0.001	0.001	0.0001	0.0002	0.0001	0.0002	0.0004	0.0016	0.0099	0.0764	0.0121	0.0015	0.0004	0.0004	0.0001	0.0001	0.0001	0.001	0.001	0.001
30_39	A/T	0.001	0.0001	0.001	0.0001	0.001	0.0001	0.0002	0.0005	0.003	0.0239	0.0163	0.0011	0.0002	0.001	0.001	0.001	0.001	0.001	0.001	0.001
30_39	6bp	0.001	0.001	0.001	0.001	0.001	0.001	0.001	0.001	0.0001	0.0008	0.001	0.001	0.001	0.001	0.001	0.001	0.001	0.001	0.001	0.001
30_39	4bp	0.001	0.001	0.001	0.001	0.001	0.001	0.001	0.0004	0.0011	0.0076	0.0007	0.0003	0.0003	0.001	0.0001	0.001	0.001	0.001	0.001	0.001
30_39	3bp	0.001	0.001	0.001	0.001	0.001	0.0001	0.001	0.0002	0.0008	0.0154	0.0007	0.0001	0.001	0.001	0.001	0.001	0.001	0.001	0.001	0.001
30_39	2bp	0.001	0.001	0.001	0.001	0.0002	0.0004	0.0006	0.0025	0.0138	0.0669	0.0215	0.0042	0.001	0.0003	0.0001	0.001	0.0001	0.001	0.001	0.001
30_39	1bp	0.001	0.001	0.001	0.001	0.0002	0.0004	0.0006	0.0025	0.0138	0.0669	0.0215	0.0042	0.001	0.0003	0.0001	0.001	0.0001	0.001	0.001	0.001
30_39	5bp	0.001	0.001	0.001	0.001	0.001	0.001	0.001	0.001	0.0001	0.0014	0.0002	0.001	0.001	0.001	0.001	0.001	0.001	0.001	0.001	0.001
40_100	6bp	0.001	0.001	0.001	0.001	0.001	0.001	0.001	0.001	0.0007	0.0022	0.0004	0.0001	0.001	0.001	0.001	0.001	0.001	0.001	0.001	0.001
40_100	A/T	0.001	0.001	0.001	0.0001	0.0001	0.002	0.0002	0.0009	0.0052	0.0319	0.023	0.0031	0.0006	0.0002	0.0002	0.001	0.001	0.0001	0.001	0.001
40_100	4bp	0.001	0.001	0.001	0.001	0.001	0.001	0.001	0.0003	0.0018	0.0134	0.0031	0.0007	0.0003	0.001	0.001	0.001	0.001	0.001	0.001	0.001
40_100	3bp	0.0001	0.001	0.001	0.001	0.001	0.001	0.0001	0.001	0.0014	0.0208	0.0024	0.0001	0.001	0.001	0.001	0.001	0.001	0.001	0.001	0.001
40_100	2bp	0.001	0.001	0.0001	0.0001	0.0001	0.0002	0.0006	0.0029	0.0151	0.0876	0.0193	0.003	0.0006	0.0002	0.001	0.001	0.001	0.001	0.001	0.001
40_100	1bp	0.001	0.001	0.0001	0.0001	0.0001	0.0002	0.0006	0.0029	0.0151	0.0876	0.0193	0.003	0.0006	0.0002	0.001	0.001	0.001	0.001	0.001	0.001
40_100	5bp	0.001	0.001	0.001	0.001	0.001	0.001	0.0001	0.0001	0.0001	0.0033	0.0007	0.001	0.0003	0.001	0.001	0.001	0.001	0.001	0.001	0.001